$ANSIBLE_VAULT;1.1;AES256
30666637353830333464313832666233373333333033656133613533636663306134613632373535
6134373838646333353438643438653966396563616635360a373836383631636562346564633163
31373363613436353939623833306634326334306462313462376137633932633533336234666161
6231643562373538640a333336353462306565626461303132656331336436636437373231373638
66353639373535643530343362646264636138333561343739356333383865316161633461626238
39373464653537343364656130373335303064346533333331383965396134363739613139356637
35613133323031626466363461373938346133396162613938313463306266303531373464636433
32623131333065343834643762353039623963633265386562393937653731373333373664336562
39666537656134313531386538376439643733393732393261353165306532663031633237346264
33366464373534306138346265623762373933343031383163353533383964643133303338336265
38636230333237313336623030306664623330666534326264626436623736316461653061613465
34376339343131646663
